Key generation (16)
2, 2, 1, 1, 1, 2, 1, 1, 1, 3
Key generation (32)
1, 1, 1, 0, 1, 1, 1, 0, 1, 0
Key generation (8)
35, 1, 1, 1, 1, 1, 1, 0, 1, 1
Key generation (24)
4, 2, 2, 1, 1, 1, 0, 0, 1, 2
Pollard Rho (16)
3, 1, 1, 0, 0, 1, 1, 1, 1, 0
Pollard Rho (32)
200, 103, 313, 142, 153, 154, 166, 116, 170, 58
Pollard Rho (8)
1, 0, 0, 0, 0, 0, 0, 0, 0, 0
Pollard Rho (24)
20, 41, 110, 13, 69, 2, 2, 7, 2, 40
Brute Force (16)
22, 9, 20, 2, 3, 1, 2, 5, 7, 6
Brute Force (32)
123142, 41522, 39710, 46012, 115566, 13301, 104065, 72360, 110359, 12445
Brute Force (8)
1, 0, 0, 1, 1, 1, 0, 1, 0, 0
Brute Force (24)
410, 92, 262, 200, 231, 474, 349, 255, 73, 365
